38794754
38794655
38793035
38790305
38789873
38789826
38789825
38789047
38788859
38788854
38788766
38788669
38788573
38788075
38788039
38788005
38788001
38787985
38787431
38787420
38787401
38787375
38786732
38785311
38785203
38784905
38784903
38784806
38784581
38784169
38784041
38784037
38784036
38783321
38783236
38783224
38783043
38782984
38782862
38782051
38781481
38781179
38780990
38780189
38779749
38779684
38779543
38779510
38779450
38779383
38779328
38778961
38778795
38778378
38777813
38777457
38777129
38776236
38776057
38776021
38775917
38774879
38774867
38774814
38774660
38774448
38774282
38774261
38774228
38773895
38773751
38773583
38773393
38773317
38773119
38772918
38771130
38770992
38770417
38769705
38769606
38767269
38766545
38766495
38765955
38765814
38765775
38765751
38765736
38765682
38765669
38765557
38765250
38765065
38764911
38764908
38764473
38764043
38763504
38762991
38762700
38762688
38762618
38762535
38762444
38762013
38761178
38760826
38760818
38760772
38760735
38758881
38758877
38758851
38758842
38757378
38757222
38757060
38757000
38756452
38756451
38756450
38755605
38755584
38754872
38754695
38753998
38753690
38753129
38752182
38751976
38751740
38751603
38751358
38750939
38750800
38750566
38750544
38750431
38749840
38749693
38749411
38748065
38747971
38746935
38746778
38746746
38746677
38746002
38745961
38745764
38745167
38745153
38744939
38743386
38743269
38742978
38742944
38742942
38742123
38742115
38742104
38742101
38742049
38742020
38741737
38741592
38741062
38740536
38739211
38739204
38738478
38737962
38737897
38737698
38737586
38737575
38737549
38737547
38737546
38737460
38737007
38736244
38735797
38735387
38733947
38733399
38733232
38731833
38730525
38730474
38730445
38730296
38729796
38729169
38728519
38728475
38728471
38728458
38726345
38726270
38725835
38725834
38725832
38725647
38725646
38725482
38725300
38725159
38725045
38724970
38724650
38724617
38724583
38724371
38721606
38721027
38720886
38720573
38720515
38720162
38719907
38719509
38718064
38717727
38716757
38716647
38716069
38715808
38715795
38715600
38715111
38715063
38715052
38714485
38713711
38713537
38711980
38711967
38711918
38711527
38711464
38711124
38711000
38710461
38709392
38708455
38707908
38707907
38707900
38707891
38707431
38706896
38706698
38706291
38705554
38705484
38704884
38704596
38703900
38703750
38703296
38703294
38703209
38702940
38702903
38702679
38701939
38701500
38701321
38701318
38701290
38701275
38701270
38701266
38701252
38701071
38699645
38699559
38699517
38699422
38699385
38699366
38699232
38698853
38698846
38698841
38698441
38698427
38698209
38698019
38697862
38697773
38697002
38695379
38695130
38695027
38695020
38694896
38694774
38694502
38693494
38693307
38692170
38691983
38691918
38691537
38691263
38690999
38690367
38690207
38689755
38689297
38688688
38688395
38687340
38686387
38686206
38686204
38685730
38685728
38685361
38684987
38683129
38682722
38682394
38682222
38682216
38681769
38681765
38681764
38681667
38680919
38680495
38680491
38679912
38679892
38679119
38678819
38678614
38678274
38678036
38677184
38676512
38674857
38674349
38673519
38672942
38672220
38672165
38672162
38671846
38671390
38671384
38671284
38671184
38670486
38669402
38669373
38669367
38669241
38669090
38666335
38665286
38665232
38665066
38664229
38664027
38663933
38663930
38662679
38662585
38661482
38660678
38660673
38660517
38660492
38660310
38659993
38659992
38659935
38659065
38659056
38658966
38658636
38658584
38658490
38657728
38657649
38655495
38655282
38655262
38655090
38654741
38654378
38654244
38654235
38654203
38654114
38653906
38652719
38651568
38651149
38651010
38650991
38650934
38650882
38650876
38650858
38650641
38650368
38650138
38649912
38649459
38649271
38649068
38648391
38648345
38648228
38648211
38647234
38646850
38646627
38644415
38644354
38643889
38643096
38642744
38642721
38641826
38640310
38639577
38639330
38639007
38639006
38638831
38638444
38638121
38637982
38634881
38634868
38634508
38633818
38633755
38633704
38633695
38632649
38632547
38632331
38632320
38632254
38631385
38631108
38631091
38628871
38628866
38628696
38628559
38628203
38628153
38627859
38627726
38627614
38626809
38626422
38626346
38626306
38626141
38625888
38625824
38625407
38625406
38624186
38623319
38622955
38622701
38622574
38621580
38621510
38619804
38619516
38619416
38619405
38617989
38617957
38616612
38616238
38615756
38614964
38614867
38609963
38609914
38609711
38609641
38609009
38608121
38608102
38608037
38607251
38606695
38606083
38606010
38605907
38605869
38605717
38605291
38605235
38605191
38605099
38604294
38601939
38601930
38601850
38601611
38601492
38601164
38601150
38601073
38600147
38600095
38598469
38597400
38596649
38596638
38596213
38595990
38594655
38593939
38593678
38593126
38592337
38591204
38591041
38590862
38590845
38590722
38590695
38590662
38590415
38590284
38589916
38589805
38589220
38587501
38586880
38586828
38586585
38586463
38586452
38586450
38585702
38585691
38585265
38585146
38584826
38584824
38584398
38583266
38583262
38582968
38581575
38581229
38580915
38580523
38580457
38579440
38579070
38579066
38579063
38579038
38578766
38578756
38577682
38577332
38577173
38576857
38576413
38576019
38575885
38575863
38575325
38573543
38573314
38573113
38573027
38572634
38572516
38572474
38571956
38571721
38571646
38570925
38569002
38568932
38568911
38568054
38567599
38567587
38567309
38567249
38567160
38566994
38566827
38566508
38566359
38566143
38566068
38566047
38565797
38565746
38565065
38564871
38564143
38564026
38563552
38563461
38563245
38562964
38562935
38562570
38562485
38562480
38562416
38562415
38561936
38560983
38559670
38558852
38558850
38558803
38558794
38557966
38556923
38556722
38556096
38555860
38555554
38554877
38554235
38553747
38552912
38552089
38552081
38552069
38552035
38551704
38551043
38550520
38550316
38550034
38549512
38549094
38548756
38548546
38548275
38548265
38548196
38548111
38547584
38547239
38546895
38545121
38544686
38544498
38542917
38542719
38541004
38540773
38539234
38539137
38538756
38538571
38536652
38536640
38536561
38536491
38535988
38535961
38535334
38535297
38534495
38533746
38533503
38533501
38533417
38533318
38532990
38532460
38532244
38531334
38531145
38530247
38529357
38529280
38528540
38528518
38528503
38528199
38527997
38527705
38526151
38526030
38525976
38525495
38525257
38525255
38525244
38525192
38524848
38524638
38524522
38524502
38523609
38523595
38523223
38522985
38522953
38522757
38521370
38520906
38520496
38520252
38520016
38519926
38519737
38519439
38518854
38518057
38518048
38518021
38518020
38518006
38517880
38517245
38517244
38517173
38517150
38517045
38516920
38516410
38516377
38516012
38516009
38515381
38515277
38513732
38513381
38512957
38512926
38512698
38511766
38510702
38509958
38509724
38509615
38509588
38509541
38509507
38509034
38508994
38508993
38508868
38508395
38507680
38507672
38507434
38507120
38506573
38506069
38505906
38505796
38505770
38505680
38505559
38504987
38504914
38504913
38504335
38504196
38504175
38503356
38502664
38502408
38501068
38500551
38500549
38500529
38500501
38500220
38500057
38499600
38499533
38498431
38498404
38498375
38498241
38497879
38497878
38497484
38496795
38496794
38496761
38496462
38495789
38495787
38495785
38495509
38494888
38494119
38493415
38493091
38492335
38492113
38491971
38491466
38491418
38491355
38491158
38490259
38489690
38489681
38489391
38489176
38489097
38488928
38488696
38488265
38487880
38487860
38487581
38487346
38486697
38485964
38485288
38484892
38484879
38484633
38484620
38484526
38484414
38483921
38482005
38481444
38481313
38481241
38480934
38480817
38479924
38479817
38479511
38479056
38478320
38477752
38477501
38477120
38476469
38476059
38475866
38475836
38475782
38475712
38472621
38472322
38472314
38471984
38471132
38469881
38469275
38469141
38469110
38468558
38468488
38466796
38466476
38464969
38464560
38464525
38464364
38463786
38463167
38461621
38460264
38459704
38459464
38459184
38458846
38458338
38457599
38457472
38457457
38457382
38457365
38456451
38456449
38456412
38456156
38456064
38456015
38455666
38455653
38455364
38454150
38453257
38452989
38452876
38452652
38451994
38451975
38451424
38451326
38451254
38451181
38451009
38450985
38450969
38450887
38450827
38450558
38450242
38449873
38449867
38449651
38448970
38448907
38448745
38448677
38447016
38446595
38446379
38445475
38445386
38444673
38443977
38443967
38443833
38443473
38442099
38442074
38441677
38441075
38440649
38440342
38440060
38439922
38439838
38439759
38439655
38439604
38439042
38438963
38438892
38438761
38438337
38437468
38437213
38436771
38436466
38435749
38435140
38435095
38435063
38435062
38434988
38434980
38434974
38434967
38434379
38433226
38432522
38431915
38431707
38431594
38431470
38430933
38430795
38430688
38430376
38430374
38430243
38429948
38429768
38429499
38429412
38429331
38428908
38428888
38428885
38428645
38427644
38427105
38427067
38426414
38426117
38426052
38426001
38425755
38425468
38425433
38425012
38424726
38424581
38424453
38423204
38422099
38422093
38421485
38420789
38420769
38420714
38419785
38419712
38419663
38419642
38419189
38419059
38418196
38417900
38417715
38416767
38416763
38415993
38414603
38414595
38414343
38414129
38413695
38413668
38413359
38412560
38411971
38411598
38411530
38411254
38411221
38411074
38410751
38410661
38410640
38410634
38410592
38410417
38410384
38410128
38409624
38408995
38408984
38408977
38408649
38408508
38408068
38407584
38407525
38406185
38406175
38405532
38405340
38405157
38405140
38404890
38404113
38403646
38403592
38403547
38403485
38403483
38402277
38402000
38401803
38400850
38399774
38397929
38396255
38396187
38395962
38395801
38395764
38395012
38394947
38394482
38394273
38393908
38393686
38392839
38390575
38390325
38390322
38390242
38390207
38390198
38390197
38389539
38388709
38387674
38387601
38385833
38385247
38385196
38385030
38384720
38383696
38383373
38383296
38382814
38382313
38381161
38380324
38380054
38379860
38379755
38379709
38379708
38379245
38378567
38378549
38375474
38375323
38375193
38375192
38375191
38375154
38374869
38374762
38374757
38374751
38374330
38374155
38374127
38373892
38373366
38372962
38372894
38372780
38372339
38371937
38371936
38371655
38371329
38371284
38370765
38370414
38370367
38369967
38369935
38369908
38369514
38369034
38368347
38366876
38366113
38366089
38365917
38365769
38365715
38365286
38364909
38364900
38364235
38363938
38363933
38363931
38363475
38362587
38362310
38362275
38362221
38362204
38361921
38361639
38361465
38361326
38361027
38360877
38360195
38360069
38359386
38359178
38358931
38358070
38357878
38357652
38356386
38356116
38355832
38355654
38355055
38355031
38355025
38354201
38353374
38352885
38352653
38352469
38351904
38351510
38350331
38350061
38349931
38349447
38349335
38349064
38348880
38348591
38348190
38348158
38348104
38348088
38348026
38347678
38347599
38347501
38347339
38347022
38346716
38345150
38344244
38343812
38343642
38343609
38343175
38342741
38342383
38341532
38341154
38341150
38341104
38340261
38340160
38340139
38336737
38336261
38336194
38335406
38335403
38335242
38335208
38333712
38333605
38333586
38332893
38332183
38331880
38330803
38330570
38330008
38329234
38327884
38327703
38327497
38326855
38326796
38326723
38325821
38324609
38324548
38324182
38323746
38323658
38323222
38322794
38322263
38322127
38320540
38319411
38319384
38318294
38318289
38318067
38317717
38317665
38317064
38316767
38316540
38316302
38316285
38315350
38314933
38314435
38313677
38313676
38313367
38313187
38313013
38312845
38312531
38311757
38310546
38310324
38310246
38309483
38309380
38309129
38308705
38307922
38306564
38306562
38306556
38306537
38305631
38305598
38305494
38304719
38304424
38304335
38302916
38302118
38301917
38301877
38301482
38300446
38299073
38298896
38298894
38298515
38298204
38298196
38297958
38297377
38297347
38297030
38296585
38295091
38294577
38293941
38293563
38293274
38293198
38292771
38292139
38291637
38291090
38290183
38288476
38288127
38288119
38288114
38287957
38287361
38285276
38283548
38283427
38283353
38283349
38283337
38282283
38282013
38281950
38281648
38281297
38281223
38281051
38281047
38280838
38280379
38279876
38279765
38278736
38276301
38275613
38275420
38275085
38274878
38274819
38274744
38274730
38274506
38274396
38274232
38274231
38274229
38274214
38274108
38273056
38272986
38272360
38271334
38269471
38269249
38268919
38268600
38268029
38267604
38267164
38266926
38265752
38265080
38264647
38264551
38264282
38264210
38264202
38263619
38263420
38263277
38263233
38263127
38263093
38263045
38263034
38262954
38262941
38262521
38261980
38261256
38261152
38260871
38260164
38260160
38260157
38260151
38260127
38260086
38260009
38259828
38259784
38259492
38259461
38258565
38258506
38257137
38256693
38256583
38254961
38254716
38254193
38254098
38253907
38253641
38253136
38251738
38251461
38250984
38250575
38250278
38249886
38248750
38246505
38246357
38246286
38245759
38245747
38245609
38245519
38245477
38244790
38244137
38243929
38243216
38243041
38242214
38241342
38240493
38240406
38240193
38240050
38239975
38239874
38239850
38239652
38239501
38239360
38239358
38239342
38239089
38239073
38238732
38238684
38238429
38238411
38237812
38237596
38235898
38235430
38235382
38234880
38234423
38233927
38233852
38233469
38233270
38232082
38230882
38230624
38229657
38229569
38229409
38229175
38229119
38229096
38228737
38228698
38228101
38225945
38225600
38225574
38225564
38225197
38225181
38224876
38224351
38223944
38223733
38222817
38222791
38222321
38221794
38221591
38220588
38220394
38220361
38220103
38218861
38218712
38218362
38217603
38217043
38216946
38216542
38216525
38215086
38214889
38214845
38214421
38214324
38214116
38212903
38212687
38212471
38212288
38211754
38211690
38211689
38211557
38211375
38206731
38206626
38205584
38201876
38200066
38199390
38198148
38198113
38196849
38196582
38195890
38194093
38193661
38193619
38193081
38192423
38192292
38191510
38191483
38191425
38189756
38189388
38189383
38189054
38189053
38188880
38188874
38188872
38188562
38188561
38188502
38188205
38188028
38187309
38187050
38186695
38186051
38184974
38184718
38183343
38183088
38182988
38181732
38181703
38181322
38181239
38180753
38180581
38180560
38179450
38179409
38179058
38179043
38178976
38178620
38178379
38178103
38178098
38178024
38177066
38176958
38176684
38176227
38175715
38175315
38174811
38174762
38174046
38173728
38173714
38173707
38173678
38173507
38173028
38172785
38170839
38169680
38169662
38169598
38169560
38167867
38167504
38167458
38167341
38167131
38167102
38166915
38166888
38166843
38166549
38166034
38165807
38163566
38163245
38163134
38162888
38162878
38162775
38162659
38162578
38162442
38162133
38161591
38161131
38161113
38161112
38160745
38159869
38157037
38156388
38156322
38156319
38156274
38156091
38155897
38155884
38155712
38155708
38156559
38155504
38155458
38153603
38152332
38152136
38152135
38152129
38151753
38151584
38151225
38150519
38150468
38149430
38149094
38148419
38148158
38146444
38146366
38146168
38146147
38145126
38145119
38145035
38144947
38144566
38144368
38144271
38143776
38143442
38142519
38140324
38137013
38131625
38131422
38130750
38129814
38129522
38128611
38128388
38128266
38127078
38127052
38125810
38125793
38125500
38125497
38124529
38124156
38124109
38123520
38118292
38117913
38116537
38116309
38116129
38116083
38115273
38115257
38114639
38114504
38113871
38112721
38112592
38112588
38111604
38111509
38110950
38110912
38110895
38110867
38110541
38109907
38108247
38108202
38108111
38107856
38107516
38107467
38107290
38106475
38106470
38104164
38104027
38103944
38103266
38102730
38102678
38102183
38100139
38099415
38099244
38098328
38098222
38097781
38096329
38095658
38095641
38095407
38095406
38095388
38095344
38094636
38094582
38093968
38093966
38093964
38093755
38093602
38093316
38093188
38093177
38092812
38090574
38090556
38090480
38090312
38090267
38089928
38089822
38089678
38089610
38089045
38088967
38088484
38087303
38087288
38086974
38086555
38086473
38085929
38085646
38085600
38085383
38085233
38084376
38082436
38082154
38079381
38078540
38078460
38077385
38075916
38075905
38075899
38075894
38075694
38075235
38075077
38075074
38075067
38075044
38074097
38073896
38073645
38073579
38072751
38071841
38071623
38071363
38071357
38071316
38071306
38070412
38068867
38065922
38065901
38065874
38065811
38065763
38065478
38062190
38061975
38061557
38060065
38059894
38059414
38059384
38057926
38057864
38056106
38054001
38053539
38053214
38053181
38052122
38051322
38050257
38050236
38050227
38049854
38049731
38048800
38048796
38048795
38047660
38047111
38047089
38046045
38046019
38045694
38045267
38044987
38044984
38042639
38042512
38041600
38040849
38040220
38040216
38039807
38037013
38036650
38036364
38035348
38035346
38035107
38035087
38034848
38034531
38034491
38034019
38034012
38033598
38033576
38031970
38031463
38031150
38030696
38030236
38029611
38029505
38029250
38029236
38029216
38029137
38029073
38028539
38027501
38027213
38027179
38027162
38027141
38027113
38027101
38026367
38026222
38025973
38025156
38025107
38023262
38022630
38022623
38022594
38022582
38022554
38022531
38022507
38022504
38022503
38022400
38021427
38020935
38020887
38020136
38019753
38019728
38019415
38017693
38017422
38016486
38016292
38016197
38015883
38015384
38014064
38013660
38012665
38012470
38012465
38011662
38011000
38009617
38009387
38009032
38009009
38008464
38008292
38007792
38007667
38007657
38007406
38007229
38006848
38006695
38004211
38004181
38002274
38000183
37999829
37997736
37997526
37997496
37997467
37996923
37996851
37996402
37996382
37996370
37995919
37995032
37994815
37993830
37993362
37992774
37990415
37990303
37990169
37989345
37988718
37988677
37986373
37986353
37986176
37986064
37985719
37984882
37984746
37982926
37982786
37981720
37980884
37979598
37979213
37979035
37978283
37978228
37978069
37977498
37976908
37976568
37975855
37975615
37974233
37973425
37970963
37969456
37967935
37967698
37965215
37965087
37964871
37964843
37963678
37962888
37962759
37961927
37960974
37960880
37960725
37960715
37960299
37960197
37960150
37958573
37958321
37957709
37957703
37957108
37956646
37955088
37955011
37955003
37954977
37954607
37954601
37954072
37953572
37952650
37952233
37950809
37950319
37950180
37950049
37950016
37949880
37949710
37949105
37948942
37948032
37947970
37947877
37945032
37944108
37942318
37940997
37940749
37939167
37938849
37938820
37938611
37938609
37938447
37937573
37937216
37936343
37936124
37936083
37935836
37934267
37933598
37933558
37933079
37933078
37933067
37933066
37933065
37933000
37932979
37932291
37931882
37931855
37930596
37928923
37928686
37928685
37928559
37927386
37927163
37926898
37926509
37925898
37922693
37924384
37920887
37920543
37920462
37920262
37919698
37919683
37919361
37918507
37917198
37917154
37916519
37916325
37916150
37916108
37915953
37915857
37915587
37915018
37915016
37914897
37914784
37914780
37914749
37914711
37910571
37910321
37910257
37909945
37908800
37908715
37908561
37908310
37907844
37907704
37907182
37905786
37905729
37904919
37904677
37904373
37904346
37904336
37904165
37903824
37903459
37902279
37901213
37900560
37900287
37900148
37900141
37900136
37900132
37899916
37899462
37898769
37897683
37895193
37894244
37892520
37892497
37891192
37889424
37888673
37887867
37887366
37886687
37886585
37884785
37884062
37883456
37882086
37881806
37881804
37881252
37880771
37880454
37878341
37878156
37878001
37877540
37877524
37877151
37876930
37876873
37876547
37876541
37875953
37875874
37875269
37874776
37874245
37873718
37873708
37873444
37869961
37869656
37869154
37869000
37867896
37867774
37866882
37866777
37864714
37864545
37862403
37860916
37860672
37859984
37857990
37857513
37856654
37856513
37855981
37854187
37853421
37852841
37852586
37850952
37850799
37849761
37849376
37848934
37848822
37846209
37845826
37845420
37845373
37844535
37842613
37840498
37840448
37840162
37840123
37839022
37836544
37836511
37836492
37836445
37835578
37834432
37834124
37833799
37833736
37833702
37832275
37832103
37830131
37829610
37829443
37828993
37828705
37828703
37828486
37828053
37827425
37827145
37826923
37823442
37823124
37823088
37822739
37822602
37822009
37821814
37817645
37817410
37817280
37817217
37815300
37814898
37814298
37814247
37814219
37814169
37813992
37813882
37813672
37813565
37812479
37812260
37811490
37811136
37810889
37810867
37809918
37809746
37809092
37807832
37806880
37805623
37805555
37805541
37805474
37804934
37804336
37804188
37803281
37803197
37803147
37802914
37802905
37800876
37800808
37799968
37799717
37799396
37799337
37798826
37798698
37796951
37795758
37795084
37793178
37791980
37790979
37790472
37789851
37789450
37789433
37789337
37789099
37788949
37788476
37788000
37787982
37787818
37786864
37784181
37783777
37783446
37782659
37782322
37782172
37781392
37781358
37781245
37780623
37780617
37780609
37780571
37779905
37779702
37779488
37778897
37778665
37776995
37775316
37774922
37773870
37773823
37772697
37772069
37771754
37771468
37771125
37770973
37770955
37751957
37768900
37768329
37767193
37767099
37766689
37764869
37764834
37764748
37764718
37764164
37760983
37759321
37758025
37758004
37756268
37755636
37755256
37754355
37753688
37753071
37752822
37752763
37752570
37752523
37752250
37749495
37748531
37747017
37747009
37746958
37746910
37746259
37745707
37745546
37744746
37743908
37743466
37742652
37742224
37742091
37742034
37740849
37739596
37739595
37739166
37738632
37736873
37736821
37736795
37735503
37735436
37735050
37734238
37734206
37732065
37731961
37731647
37730543
37729683
37729413
37726875
37726246
37725382
37724687
37723557
37723362
37720222
37718242
37716106
37715292
37715206
37712865
37712456
37712277
37711902
37711613
37711245
37710313
37710281
37706641
37703945
37702655
37701760
37700350
37698537
37697936
37697910
37697428
37697382
37697373
37697335
37697271
37694938
37694124
37693539
37693362
37693321
37693134
37692850
37692402
37691954
37691106
37689807
37689663
37689532
37689221
37689051
37688479
37686836
37686741
37686714
37686261
37684631
37682053
37681566
37681458
37681245
37680534
37679690
37678500
37675772
37674785
37674675
37672020
37671199
37671135
37671084
37671050
37670569
37670485
37670254
37669871
37668928
37668652
37667866
37667670
37667256
37666799
37665672
37665406
37664887
37664120
37664026
37663661
37663544
37662938
37662924
37662902
37662610
37662288
37660674
37658826
37660260
37659996
37659931
37659917
37658161
37657941
37657206
37657176
37656762
37656706
37655481
37655340
37654024
37653788
37653747
37653741
37653236
37653234
37652957
37652020
37651993
37650705
37650156
37650009
37649721
37647062
37645805
37645769
37645419
37645227
37644405
37644044
37642723
37641564
37641542
37641019
37640107
37638499
37637811
37637683
37637178
37637136
37636579
37634817
37634407
37634227
37634141
37634025
37633070
37632147
37630783
37630668
37626792
37624788
37621646
37621565
37621181
37620971
37619450
37616057
37615800
37612740
37612215
37612092
37609985
37605959
37605651
37605270
37605207
37605021
37604674
37602490
37600807
37600718
37600687
37600668
37599701
37599317
37598719
37598715
37598399
37596879
37596678
37596566
37593897
37593734
37593447
37592069
37591043
37589836
37589179
37588593
37588048
37587460
37585614
37583791
37583579
37583432
37582716
37581767
37581757
37581400
37581399
37580807
37580794
37580781
37580432
37580235
37579999
37578112
37577833
37577292
37576957
37576893
37575255
37575092
37574304
37573793
37571255
37568096
37565992
37565068
37564828
37564429
37564397
37563810
37563724
37563569
37560336
37559547
37559417
37558735
37558140
37557965
37556136
37556005
37555058
37555000
37553982
37553644
37553610
37553064
37552661
37550780
37549984
37549427
37548289
37548160
37547327
37547316
37547313
37547307
37547136
37543573
37543542
37543433
37543429
37542952
37542274
37541893
37540821
37540479
37539717
37539057
37538922
37538123
37537564
37537391
37537013
37536998
37535610
37533836
37533011
37532154
37530803
37530747
37529271
37529046
37528862
37528547
37528130
37527259
37526777
37526403
37525405
37525375
37525197
37522462
37522206
37520547
37519890
37516812
37513548
37509570
37507596
37507145
37506114
37505304
37504798
37503346
37502838
37502408
37502356
37501926
37501128
37500025
37499050
37498601
37498357
37495778
37495615
37494602
37493922
37492908
37492198
37491359
37491271
37488110
37487263
37485509
37484875
37484661
37484252
37483981
37483615
37483080
37482703
37482052
37481473
37480221
37479984
37479783
37479757
37478287
37478100
37477785
37477187
37476915
37476494
37474940
37474152
37474010
37470000
37469984
37469975
37469214
37468959
37468885
37468870
37468000
37467373
37467250
37466661
37465996
37465942
37465669
37464539
37464328
37464321
37463867
37463755
37463392
37459460
37459064
37458219
37457977
37457693
37456823
37456363
37455410
37455323
37454668
37454213
37454180
37454067
37452462
37452175
37449898
37449541
37449380
37448626
37448488
37448291
37447340
37447263
37444723
37443259
37441684
37441531
37440166
37439258
37437505
37437450
37437071
37436694
37436347
37434151
37433779
37432894
37432232
37431426
37429843
37429813
37429103
37427123
37426694
37426655
37426181
37426101
37426010
37425837
37425696
37425302
37425011
37424857
37422943
37422736
37421961
37421851
37421249
37419091
37418754
37417779
37415875
37415773
37415668
37415130
37415088
37415075
37414807
37414665
37414439
37409643
37409353
37409117
37408137
37407943
37405597
37405157
37404740
37404328
37404243
37404054
37403750
37403387
37403021
37400992
37400922
37400795
37399049
37397759
37397483
37396905
37393500
37392400
37392033
37391434
37391112
37390109
37389173
37386781
37386110
37385185
37384670
37383700
37383227
37382146
37381916
37377609
37375607
37371670
37371369
37369991
37369748
37369429
37368847
37367888
37366363
37363097
37361546
37361524
37360298
37359532
37357295
37353760
37353630
37352437
37352282
37351909
37351190
37351106
37351103
37350960
37350485
37349091
37345345
37344293
37344162
37343141
37342352
37340172
37340071
37339283
37338962
37337418
37337369
37337194
37336561
37334359
37333634
37333302
37330925
37330008
37328935
37327502
37327227
37324750
37324625
37324262
37323536
37323297
37322504
37318502
37317926
37316614
37316451
37316410
37315470
37314641
37314571
37313342
37311601
37308567
37307909
37307560
37307554
37306802
37305903
37305424
37305422
37305035
37304287
37304261
37304119
37302695
37302263
37302123
37301769
37300787
37299548
37299509
37298077
37296892
37296408
37296187
37295953
37294817
37293613
37292802
37291091
37289285
37289106
37288296
37288257
37287440
37287058
37286992
37285488
37284212
37283573
37283182
37280690
37277933
37275908
37275551
37275269
37275161
37274339
37273876
37273710
37271768
37271753
37271750
37270442
37270173
37270142
37269170
37268885
37267734
37266651
37266131
37263540
37263031
37260743
37259122
37256492
37255970
37254630
37253999
37253997
37252248
37251809
37251802
37250054
37247539
37246707
37246529
37246077
37244544
37242290
37239387
37239030
37237487
37237474
37236543
37236301
37234804
37234519
37233799
37232505
37230417
37230262
37228614
37226166
37225692
37225577
37225432
37223039
37223029
37221513
37219954
37219596
37219044
37217291
37217205
37215554
37213626
37213031
37212950
37211366
37209418
37208559
37207955
37207441
37207436
37207156
37206644
37205563
37205426
37205044
37204025
37203430
37202507
37201114
37201057
37200398
37200064
37198928
37198682
37198231
37197991
37196932
37195998
37195987
37195241
37191011
37190500
37189174
37188722
37187788
37185860
37185856
37185224
37184737
37184160
37184129
37183395
37182186
37181367
37178827
37178386
37178364
37173785
37173627
37173352
37172463
37171986
37171501
37170723
37170327
37170220
37168108
37163583
37163062
37162968
37162625
37160513
37159502
37159496
37158995
37158868
37156976
37156934
37156668
37156340
37155472
37153802
37153572
37152982
37152964
37152596
37151969
37150359
37150218
37148539
37148383
37146762
37144993
37144591
37143928
37142593
37141131
37139230
37138734
37137574
37133737
37132247
37129453
37128918
37128830
37127109
37125171
37124814
37124787
37124697
37124612
37124610
37123369
37122319
37122299
37121940
37120602
37118782
37118729
37118290
37117874
37115376
37114747
37113988
37113268
37109305
37108375
37106065
37105911
37103569
37101178
37096546
37095467
37091807
37091806
37091804
37091260
37090783
37090734
37088265
37086801
37086791
37085628
37085538
37085521
37082877
37082118
37081554
37080571
37079368
37077358
37076806
37075479
37075478
37074353
37074034
37069993
37068323
37067649
37066391
37066330
37066289
37065754
37065749
37065213
37064666
37064189
37063923
37063839
37063327
37063319
37061571
37061135
37056679
37056646
37056283
37056282
37054756
37053488
37053477
37052755
37052410
37049476
37049421
37048564
37046853
37046283
37045850
37043280
37042641
37041579
37040432
37039764
37036286
37035726
37034661
37034223
37034095
37033949
37032771
37032770
37031184
37029912
37029746
37029366
37029064
37027287
37027252
37025676
37025412
37025349
37024926
37024639
37023631
37021459
37020849
37020551
37020515
37019509
37016957
37015906
37015099
37014069
37013595
37012460
37012349
37012201
37009919
37009668
37008943
37008938
37008927
37008911
37008317
37007954
37005366
37001985
37001235
36999624
36999058
36999014
36998320
36998123
36997981
36997893
36996866
36994899
36993622
36993383
36991009
36990264
36988189
36987689
36986172
36986083
36984843
36980988
36980914
36978077
36973792
36971839
36970788
36970527
36969605
36969260
36969249
36969181
36967999
36967997
36967791
36967762
36967750
36966195
36966123
36964718
36963319
36963129
36960470
36959704
36958975
36958971
36958462
36950138
36950097
36948188
36945581
36945480
36944101
36942587
36941692
36941558
36939795
36939787
36937916
36937699
36937660
36937420
36936593
36936389
36936266
36936261
36936171
36936149
36934207
36928028
36927485
36926034
36926020
36924037
36923697
36922970
36922303
36918370
36915271
36911941
36911745
36911739
36911112
36910644
36910523
36910522
36909950
36909309
36909159
36908902
36908593
36907461
36905350
36904201
36904193
36904153
36902778
36899474
36899398
36897359
36897027
36896238
36895909
36895273
36894827
36891986
36891666
36891154
36890668
36883871
36883459
36882828
36882679
36881925
36880394
36880214
36877247
36876057
36875854
36873953
36873417
36871578
36870858
36870387
36870196
36869337
36866468
36865531
36865116
36864839
36864689
36862322
36860870
36860869
36860687
36860363
36860174
36860142
36857861
36855799
36854672
36853385
36852276
36851942
36851046
36846997
36846989
36846681
36846222
36845444
36845101
36845092
36844729
36844727
36843089
36842654
36842216
36839415
36839376
36836216
36835939
36835817
36831637
36828641
36827905
36826927
36826573
36826505
36825008
36824433
36822971
36822407
36821647
36821633
36819121
36817914
36816931
36816044
36815291
36815021
36813657
36812941
36810112
36809502
36808763
36808173
36808119
36807123
36806752
36805566
36804689
36801374
36800671
36800530
36799937
36799178
36799020
36798520
36798349
36795331
36794917
36793899
36793015
36791891
36791018
36790827
36789979
36789939
36789917
36789132
36788058
36786839
36782054
36780760
36780066
36778480
36778476
36776880
36776852
36776266
36775708
36775707
36773317
36773060
36771310
36769754
36769592
36767803
36766075
36765336
36765195
36762574
36761219
36761181
36754931
36754584
38550933
36749410
36747249
36746515
36743413
36742400
36741410
36741373
36738839
36737746
36737740
36737699
36736436
36736025
36734038
36733810
36727839
36726984
36726719
36726474
36726144
36722651
36722420
36721200
36720901
36719157
36718446
36717893
36716318
36716300
36714576
36713927
36713835
36713081
36712567
36712313
36711635
36710862
36709979
36709307
36705326
36705323
36700002
36698947
36698922
36697037
36696951
36696816
36696131
36693712
36692889
36692876
36690213
36689595
36685922
36685897
36685839
36685511
36684582
36684576
36684013
36682697
36682083
36682072
36678292
36678231
36677034
36676952
36674414
36672952
36671024
36669000
36661066
36658102
36657976
36655597
36645152
36640254
36640248
36634566
36631270
36630930
36628424
36624450
36624433
36623478
36623443
36621868
36618924
36615727
36615147
36615120
36611265
36611115
36608706
36605198
36604675
36601961
36601918
36600446
36600297
36597904
36597781
36595504
36593707
36590417
36590211
36590208
36589843
36589806
36585990
36585897
36585646
36583016
36582224
36580462
36580444
36579149
36578964
36578485
36576886
36576600
36573802
36572895
36570466
36569933
36569872
36569847
36568121
36568116
36566435
36562041
36561351
36561321
36558443
36558416
36558395
36557213
36555837
36553674
36553537
36546403
36544708
36542873
36542132
36539296
36537070
36536985
36536522
36534570
36533203
36532278
36532051
36531229
36530606
36529488
36528346
36528345
36528344
36527564
36524281
36523765
36523763
36523758
36522747
36521586
36518252
36517655
36514134
36513988
36513696
36512731
36511626
36511149
36510827
36510667
36510323
36510142
36508086
36506069
36505230
36504957
36502291
36501135
36495182
36493903
36483625
36483210
36482996
36482901
36482455
36480010
36479899
36479845
36473423
36471350
36469086
36468030
36468019
36467999
36467458
36465459
36465060
36459845
36459455
36454344
36451030
36446255
36442642
36442640
36441335
36440027
36438727
36438033
36437958
36437950
36437938
36434743
36434155
36433673
36430859
36424608
36424572
36419791
36419740
36419459
36419128
36411224
36408634
36408054
36407759
36407516
36407459
36407300
36407298
36406444
36406117
36405910
36404673
36401354
36400116
36399449
36398399
36396079
36388766
36387818
36384659
36380510
36380372
36377279
36373429
36370904
36369183
36367831
36367219
36364831
36364721
36360247
36357562
36355609
36354138
36354137
36353998
36353626
36352846
36352064
36350775
36348399
36348315
36347947
36347891
36346739
36345251
36345036
36339142
36338991
36338739
36337652
36335070
36334592
36334498
36333983
36333784
36333541
36331056
36330450
36330403
36330145
36329456
36328784
36327882
36320039
36320012
36320003
36316671
36316471
36314129
36313469
36313427
36312274
36310536
36310177
36309757
36309747
36308812
36307799
36305497
36303257
36303185
36302037
36300678
36300369
36299997
36299995
36299452
36297117
36289551
36289043
36285785
36283863
36281737
36281688
36280857
36280454
36279545
36277903
36277795
36277767
36277472
36274052
36273526
36273411
36272539
36271348
36271292
36267743
36267411
36267398
36266699
36266083
36265006
36264650
36263221
36260985
36259254
36256472
36254930
36253349
36250974
36249462
36249224
36248806
36248644
36248277
36247759
36247022
36246884
36246637
36246584
36245885
36244549
36241991
36239805
36239790
36237121
36235694
36233208
36232402
36226474
36226344
36225867
36223714
36219373
36219338
36217700
36216997
36214830
36213644
36213637
36212159
36212149
36212121
36212040
36211516
36211374
36211369
36209141
36208799
36205542
36205540
36204379
36204317
36204313
36198219
36195910
36194020
36194013
36192375
36191079
36190832
36189146
36188366
36187130
36186433
36186140
36185695
36185655
36184738
36184662
36184363
36182724
36181433
36179552
36177513
36172525
36171422
36169182
36166332
36165189
36163216
36162666
36162535
36161993
36159967
36159877
36159838
36159496
36159460
36158846
36158554
36156818
36151532
36148048
36147565
36147307
36145200
36145059
36143211
36142332
36140752
36140709
36138824
36134520
36133309
36129112
36127160
36126568
36125206
36123897
36120439
36119744
36119739
36119674
36118883
36118777
36117221
36117174
36114324
36114287
36112022
36110421
36110212
36110211
36107328
36106372
36104772
36104530
36103169
36103101
36098429
36094096
36093575
36093168
36093044
36092900
36091764
36091497
36090295
36089592
36087367
36085199
36082069
36082036
36079852
36072663
36071939
36071874
36071849
36069056
36068612
36068458
36067583
36067251
36064684
36064525
36062972
36061896
36061176
36058288
36057695
36057072
36054878
36053043
36051507
36050433
36048436
36048332
36046231
36045366
36042675
36042048
36040623
36040498
36039844
36038828
36038726
36037248
36035915
36035367
36035130
36035116
36035003
36034918
36031898
36031541
36030285
36016508
36014914
36014859
36014780
36014764
36006601
36005441
36005401
36004630
36003670
36003339
36002180
35997959
35996695
35995978
35995490
35994746
35994506
35992145
35992131
35992130
35990959
35990758
35989480
35988060
35986965
35983488
35981996
35979348
35975633
35971878
35964198
35964012
35962833
35961601
35961107
35958335
35957835
35957680
35957678
35956413
35953519
35953482
35953132
35953131
35952636
35952493
35950778
35948088
35947748
35947639
35947372
35947254
35946077
35944150
35942938
35938910
35938019
35935963
35935641
35932494
35932451
35929574
35929454
35927830
35925966
35923623
35923199
35921096
35916731
35912057
35911771
35910198
35907253
35906597
35905078
35904850
35903361
35903355
35903354
35902670
35902387
35902130
35900730
35900265
35900194
35898629
35897312
35889900
35889840
35889737
35888723
35886009
35883877
35882941
35879401
35876003
35875802
35872990
35872889
35870136
35869924
35869582
35869568
35867128
35866826
35865535
35861629
35861400
35860271
35857297
35856088
35854470
35852181
35851841
35851761
35850211
35849575
35848950
35848946
35847794
35844889
35844511
35844064
35843146
35841389
35839537
35839461
35835752
35835669
35834561
35832928
35832703
35832062
35830513
35821143
35819009
35816897
35812273
35811987
35811520
35807838
35803489
35803012
35801869
35801085
35799593
35798371
35798177
35796550
35793595
35791675
35787050
35784289
35783823
35783629
35783285
35782933
35780076
35775855
35774146
35772218
35769993
35769988
35765714
35764530
35762941
35761866
35758857
35757704
35754845
35751636
35748295
35747747
35741723
35736469
35734897
35734761
35734181
35729194
35727232
35726641
35724757
35724440
35719152
35715813
35714886
35710362
35708873
35707994
35705942
35704268
35703944
35703935
35698167
35693873
35692035
35691420
35690959
35690714
35689786
35686855
35686230
35679582
35679339
35679284
35677978
35677559
35676178
35670701
35670026
35669191
35669075
35667331
35665015
35662732
35662366
35658839
35658786
35656776
35656699
35656325
35655417
35654594
35652345
35650572
35647710
35646051
35644972
35640639
35639294
35638254
35637428
35629944
35624721
35623867
35622353
35622304
35622003
35619713
35618154
35618017
35615721
35615025
35614209
35611355
35610082
35606578
35606074
35602208
35602164
35601498
35598332
35598326
35594779
35594314
35594287
35592626
35586743
35585838
35583923
35579976
35579027
35578763
35577073
35575213
35571065
35569024
35565843
35565667
35565215
35562752
35562204
35558754
35558741
35554757
35548428
35547384
35547256
35545486
35543713
35538486
35538205
35538198
35538134
35537820
35537810
35537532
35534507
35528012
35522177
35513181
35512139
35511874
35507585
35501835
35501561
35501403
35500537
35500225
35499407
35498031
35495913
35495125
35495122
35494045
35488966
35484151
35482055
35481268
35479285
35474380
35465862
35463787
35460606
35456516
35456363
35452592
35452448
35452251
35451454
35451161
35450575
35450218
35449023
35447390
35445260
35444693
35441719
35438160
35436960
35435991
35433322
35433074
35432453
35431011
35429744
35429337
35428542
35425787
35422845
35419428
35419390
35405941
35405480
35403707
35402429
35400029
35399300
35399077
35399008
35397158
35396499
35393342
35392909
35390318
35386698
35386526
35385311
35384390
35383846
35382840
35371017
35369049
35367968
35366326
35366084
35363507
35363278
35362630
35361153
35360058
35356648
35355607
35355592
35355302
35354116
35353173
35353069
35349717
35349659
35348303
35347152
35347089
35346416
35343424
35342086
35334888
35333923
35325778
35323617
35322423
35321746
35318279
35317304
35316920
35313082
35306566
35306338
35303584
35303571
35302490
35300523
35299944
35299727
35299622
35299068
35298462
35296245
35292824
35292014
35291981
35282373
35281810
35278573
35276868
35275550
35275534
35274198
35273636
35268088
35268087
35268067
35267896
35265637
35263808
35260827
35254260
35253865
35252241
35246263
35242384
35241713
35239653
35237642
35237526
35237523
35235357
35234888
35234877
35234851
35233224
35232963
35231698
35228855
35225327
35224066
35222520
35222278
35220625
35218584
35218345
35218343
35213538
35213390
35211151
35210829
35210806
35207779
35198002
35197934
35197211
35197177
35195317
35195051
35192729
35191949
35186940
35186031
35185808
35185779
35176254
35172853
35172829
35169810
35166314
35165428
35155673
35154127
35150783
35147274
35145549
35145020
35144858
35141322
35141230
35140703
37325194
35138876
35134646
35134201
35132376
35131763
35131400
35129315
35127607
35124268
35119566
35113864
35113855
35112385
35111203
35111052
35109828
35105367
35104295
35103484
35102554
35101533
35101027
35094873
35094705
35093020
35090530
35087571
35087565
35087170
35087136
35086766
35086764
35085380
35085228
35082970
35082834
35082398
35080656
35078808
35074627
35074047
35070816
35070748
35069681
35067702
35066269
35066242
35064221
35061662
35060160
35057415
35052454
35052444
35049520
35048991
35046567
35042869
35034628
35034128
35031696
35029599
35022383
35018869
35018462
35013977
35013517
35012533
35011056
35004812
35004565
35000008
34999880
34999863
34999745
34997937
34996781
34993217
34987546
34983059
34980918
34980161
34979977
34979597
34978666
34977172
34974530
37476700
37118362
34964870
34959760
34956333
34956075
34954789
34952598
34949725
34945778
34944012
34939682
34938740
34936225
34932184
34931349
34931235
34930919
34927447
34925448
34925446
34925231
34924553
34922401
34922334
34918120
34916940
34916835
34916110
34915881
34912375
34911345
34910310
34906191
34906131
34904213
34903730
34902614
34901954
34901208
34901126
34899852
34899835
34899831
34899821
34898631
34897459
34896305
34894623
34893803
34891159
34890811
34890138
34887314
34883359
34881299
34880091
34872952
34869686
34869523
34868227
34868204
34867285
34866576
34866211
34863930
34862478
34861792
34861175
34859517
34859025
34858490
34858340
34858335
34850018
34849988
34848757
34847795
34847085
34845052
34843158
34842357
34840730
34838945
34836419
34834523
34822396
34814924
34803918
34802694
34797599
34796736
34796734
34793444
34791088
34790739
34790224
34788850
34785567
34784421
34778177
34777480
34777056
34774031
34774005
34768390
34763447
34763054
34761146
34758976
34754432
34750467
34750372
34750207
34749668
34749302
34748291
34745219
34744839
34743218
34740601
34739073
34737764
34737282
34735824
34734970
34730178
34729997
34729547
34728293
34727949
34717822
34715780
34712689
34707645
34704651
34704236
34703283
34702754
34698778
34695655
34694866
34691149
34690004
34684540
34681038
34680200
34672390
34671386
34670632
34670623
34669940
34668019
34666504
34662362
34661687
34660723
34658065
34656958
34656381
34650928
34650602
34650087
34646235
34641990
34640315
34634361
34633332
34630505
34627121
34626249
34624136
34619952
34619639
34617559
34616502
34610567
34602077
34601600
34601599
34601595
34600087
34597752
34596745
34595216
34594363
34592243
34591962
34590374
34588193
34587759
34583967
34583526
34580193
34570226
34567085
34567081
34567079
34565175
34560893
34557183
36939807
34548541
34544013
34542801
34542150
34540925
34539575
34537655
34536773
34535143
34534883
34531893
34530967
34530029
34527023
34527007
34526483
34524719
34523676
34522458
34521884
34521568
34518635
34518286
34514498
34510652
34504857
34499127
34496635
34493793
34490739
34490583
34484118
34479329
34475499
34472355
34472130
34467987
34465810
34465205
34462559
34461811
34459231
34458137
34456968
34454843
34453097
34449871
34449774
34448477
34444725
34439661
34436562
34434223
34431050
34428710
34426982
34426507
34426474
34421826
34420153
34413668
34409073
34405394
34399585
34386609
34389437
34386270
34386016
34383747
34381493
34379647
34379090
34376264
34371949
34371827
34370750
34367258
34367246
34364029
34363473
34363033
34348529
34347623
34345974
34345417
34343299
34342185
34342032
34341517
34339747
34339418
34338327
34333589
34325950
34325683
34324541
34324486
34322150
34321204
34319429
34318357
34316022
34315477
34315237
34312982
34308145
34308129
34308111
34308106
34306027
34304124
34294062
34293143
34286064
34281550
34280516
34279996
34279564
34276774
34276770
34275906
34272412
34270736
34259888
34259107
34250226
34248845
34248819
34246888
34246301
34239941
34234209
34234189
34233891
34233669
34233613
34229617
34229259
34228109
34227468
34226637
34222791
34220266
34214446
34213007
34211980
34211505
34210154
34203356
34203181
34202464
34198753
34196464
34195880
34191437
34191436
34188144
34187701
34187381
34184784
34181993
34179139
34178025
34176420
34172473
34168680
34163532
34163528
34158612
34158381
34155684
34155362
34155093
34151951
34150709
34147035
34146915
34135084
34135082
34134711
34132328
34130902
34122505
34122499
34120448
34120358
34109656
34108397
34105796
34099873
34099622
34097045
34095735
34093643
34088980
34088753
34088700
34088583
34078268
34078102
34076349
34074296
34070864
34069479
34068824
34061844
34060601
34057997
34057091
34056740
34052074
34051439
34046741
34046380
34043151
34041279
34030749
34030714
34028910
34027348
34026747
34025845
34024907
34024088
34023889
34023151
34021349
34021337
34015765
34012788
34008876
34007203
34004046
34002035
34001857
34001814
33998053
33994199
33990897
33983917
33982892
33982092
33975736
33975017
33972368
33971344
33969932
33961203
33958431
33956999
33948386
33942801
33936066
33933738
33932788
33924952
33924871
33914743
33914140
33912579
33902302
33899735
33899528
33899104
33894037
33893449
33888102
33887147
33886544
33879569
33879453
33875748
33868384
33868379
33868373
33868364
33866329
33862045
33852959
33852723
33851187
33846372
33844473
33843952
33842990
33842622
33838042
33837377
33836822
33834943
33834859
33834509
33834045
33833219
33828238
33828182
33826736
33824227
33822969
33822910
33818779
33817779
33815483
33814236
33813844
33812221
33809027
33805346
33802106
33799553
33798978
33795393
33792673
33791302
37476017
33785582
33784428
33783488
33782414
33781616
33774696
33772217
33771497
33771188
33770530
33768223
33767728
33767346
33766239
33766008
33765180
33760079
33758941
33758646
33757497
33754627
33749976
33749377
33747043
33744603
33740060
33737984
33737653
33737302
33733564
33731105
33724079
33719330
33712906
33712841
33711016
33710466
33708890
33705547
33704808
33704372
33693791
33693708
33688928
33685576
33679893
33679875
33678161
33673741
33671849
33664449
33663581
33661905
33657885
33656795
33655641
33654087
33653810
33650017
33644404
33646147
33637130
33632741
33631287
33631142
33630834
33629185
33624602
33619569
33618197
33614510
33613636
33612706
33611685
33610420
33608734
33608417
33605807
33605804
33599351
33596318
33592239
33591230
33587120
33583444
33581692
33580533
33579855
33575584
33574079
33570130
33564816
33563324
33563321
33556963
33555548
33553250
33552841
33548002
33546071
33545615
33542229
33536004
33535786
33528908
33527565
33519914
33519901
33515719
33510439
33506574
33506196
33504897
33495378
33493347
33488877
33485635
33484075
33472594
33465101
33464320
33463692
33462619
33460126
33441507
33439309
33434493
33433658
33431812
33431510
33424931
33424930
33422704
33420236
33418501
33418132
33415802
33414539
33414106
33413941
33413940
33411191
33409669
33408737
33404048
33401535
33400963
33399354
33398003
33397121
33396887
33393675
33393617
33391794
33390054
33384720
33381656
33377242
33374471
33372533
33372189
33371106
33367543
33356394
33352682
33351885
33349849
33329731
33327948
33327746
33324987
33323545
33321123
33318152
33318029
33313759
33312507
33299099
33295946
33293297
33287714
33287626
33283203
33281750
33280888
33278081
33277303
33275596
33273579
33272351
33269370
33263183
33262790
33261611
33259846
33253933
33253141
33250370
33249881
33247085
33245439
33243239
33237904
33227361
33226062
33221891
33214142
33213727
33211829
33209364
33203707
33202379
33199044
33198768
33197388
33196656
33195696
33193720
33193711
33193614
33191764
33190527
33189655
33188428
33187967
33185604
33177243
33175090
33168806
33167994
33167385
33167034
33159156
33155035
33150399
33144297
33144296
33139072
33131310
33130851
33129595
33128677
33125193
33122081
33120085
33117250
33117014
33115406
33113028
33109689
33107437
33107078
33106853
33106479
33104491
33100326
33097673
33093192
33089118
33080795
33079445
33079133
33068140
33064751
33063668
33060734
33051271
33046214
33046137
33038664
33038280
33033864
33032663
33031565
33031386
33029641
33027558
33027520
33020666
33020596
33018478
33017630
33013699
33008364
33005893
33004804
33004418
33004230
32998948
32989605
32989491
32986483
32986479
32986478
32984395
32984251
32981178
32978716
32978410
32976626
32972297
32970198
32969210
32967863
32966752
32965542
32965465
32958512
32958510
32954289
32952122
32951912
32949984
32949071
32947644
32944772
32943721
32935532
32929646
32923685
32922442
32920595
32918779
32915962
32915777
32914876
32909013
32909000
32907989
32903690
32895918
32895727
32895551
32895015
32893372
32891675
32878631
32876488
32867428
32860398
32856188
32855344
32851660
32850306
32849817
32848012
32847530
32847391
32841444
32841326
32841251
32839289
32838838
32830215
32829966
32827441
32821703
32821701
32817390
32812402
32810387
32808034
32808022
32805626
32801043
32796876
32791893
32791511
32790868
32786207
32786206
32786205
32786204
32779786
32760811
32770314
32761610
32760421
32757651
32754072
32748028
32746749
32737344
32737316
32737104
32733862
32731631
32728946
32728058
32722370
32717139
32714368
32701947
32699404
32699327
32698144
32693883
32682105
32681186
32680943
32665587
32662733
32662727
32659681
32652993
32636122
32635790
32628751
32628676
32627641
32626899
32610558
32602986
32592749
32591971
32591531
32590313
32588049
32585585
32578352
32574960
32565043
32552923
32548700
32547598
32547139
32546146
32542815
32542040
32540331
32538835
32529581
32529511
32529219
32523662
32514076
32500151
32500139
32493397
32493226
32488255
32479557
32479194
32474920
32473944
32472065
32471361
32462299
32457053
32454124
32451458
32433745
32432099
32430459
32423484
32423041
32413428
32409868
32409696
32407514
32406634
32398686
32398352
32397738
32393977
32392279
32391302
32386404
32385265
32384904
32383070
32382712
32380549
32376654
32374820
32373937
32373164
32372439
32367730
32367117
32366963
32358504
32357239
32356895
32356890
32355161
32352494
32350526
32349989
32344491
32341063
32341051
32340472
32337471
32329708
32329512
32328834
32326995
32322810
32317632
32312903
32309857
32307655
32294276
32292418
34589939
32284183
32276134
32275720
32274260
32270255
32267934
32266232
32265532
32264954
32258131
32255480
32249995
32249718
32249589
32247823
32232398
32229610
32223966
32215913
32208995
32207040
32204957
32203549
32200763
32180791
32176771
32176397
32172311
32169310
32163637
32163573
32161502
32161306
32156492
32155257
32154779
32154591
32150919
32148083
32146412
32143697
32134113
32132674
32122917
32119656
32116251
32113648
32112550
32111716
32108890
32108027
32103921
32092884
32090477
32089011
32084330
32081875
32081851
32076698
32068838
32066660
32066631
32062614
32054721
32051193
32048336
32045441
32040442
32038658
32034791
32019855
32014825
32008434
32006205
32003800
32001714
31996542
31995593
31978120
31975536
31965238
31960031
31960029
31959263
31956914
31953392
31941463
31937597
31929371
31928076
31927564
31924771
31924601
31924600
31919418
31916305
31915306
31915152
31914880
31911605
31910748
31908803
31902602
31900758
31900081
31884074
31879996
31875952
31872213
31852999
31846055
31845553
31844628
31837886
31834381
31831886
31824424
31821593
31821322
31817859
31815694
31814925
31803085
31802111
31801993
31801373
31800047
31800042
31797139
31796040
31790379
31790017
31786776
31786126
31785838
31784746
31782141
31780524
31780129
31773475
31769183
31768000
31765295
31764983
31761964
31759900
31756303
31748259
31744833
31744823
31741136
31733098
31727910
31721775
31714636
31708976
31699712
31697380
31694563
31693063
31693062
31692152
31690987
31690775
31689377
31679055
31676950
31670388
31669200
31668584
31665421
31661606
31661179
31660975
31659794
31651042
31649504
31649322
31648883
31647093
31628798
31626644
31625599
31616189
31614369
31611343
31609383
31605466
31605180
31597550
31593215
31592210
31587925
31564377
31564046
31562522
31558414
31553296
31552141
31548248
31545794
31543362
31539074
31537833
31527690
31527283
31526476
31526406
31518429
31518416
31514949
31508506
31505768
31504541
31504461
31504107
31504067
31503317
31486166
31482193
31479321
31476911
31474942
31469698
31466528
31444995
31439684
31438759
31435769
31427754
31422054
31419349
31413611
31412118
31401654
31393416
31390370
31386636
31386217
31383844
31380560
31378628
31377572
31373921
31371314
31369124
31357808
31354785
31345335
31341166
31338989
31335958
31335937
31331941
31331006
31328178
31326987
31325907
31319653
31315910
31310728
31310319
31306748
31302685
31300347
31298278
31298269
31294819
31292646
31290937
31287141
31276585
31270314
31263889
31253830
31246991
31243447
31243001
31237718
31234011
31227586
31221000
31220083
31219597
31218665
31213659
31211782
31211375
31208196
31198836
31195408
31186442
31177761
31170332
31167879
31164902
31161347
31158506
31146640
31145551
31143958
31138550
31134333
31130989
31127932
31122926
31118477
31112423
31104264
31103344
31100827
31099188
31097437
31096629
31089709
31088856
31077850
31076857
31076377
31075152
31074779
31067017
31062029
31050786
31045282
31041395
31031992
31028273
31024619
31017618
31005996
31000774
30989380
30979719
30972295
30957776
30949673
30948449
30940890
30937401
30929011
30927373
30924303
30905725
30896763
30894442
30891058
30884619
30879408
30866921
30865797
30861319
30859189
30850821
30848805
30842065
30833960
30820955
30817851
30815700
30810208
30804065
30798333
30787162
30786056
30785218
30778381
30773605
30772304
30770424
30769869
30759836
30741477
30737679
30728219
30721963
30716477
30710596
30710354
30707692
30704512
30703100
30700444
30697695
30692117
30685440
30677259
30673084
30673080
30673066
30673064
30670737
30659074
30646365
30646361
30645594
30645041
30637964
30635941
30628743
30619479
30619477
30615301
30609725
30605491
30598082
30597039
30596810
30588120
30587273
30565280
30563870
30561657
30561638
30558284
30524135
30539684
30535378
30528826
30508554
30508204
30515881
30496407
30485479
30483309
30476131
30465296
30462199
30456340
30446878
30445611
30445015
30442986
30423109
30420679
30409829
30396509
30381605
30379737
30371560
30366361
30358150
30355388
30354337
30352877
30343317
30337280
30326548
30326490
30325422
30321669
30312457
30306355
30277539
30275879
30262900
30258348
30254091
30249280
30242030
30241358
30240960
30239571
30221016
30209858
30209555
30203249
30200567
30188971
30188969
30174138
30173087
30167974
30166205
30158200
30153260
30145350
30106959
30103784
30100396
30099840
30096803
30086135
30085130
30084873
30082248
30076541
30072546
30066639
30064420
30059977
30049458
30045251
30041791
30039250
30034993
30026589
30016786
30014513
30014508
30014502
30008090
30003442
30003356
30002074
29986042
29982347
29982268
29974225
29974223
29973342
29971821
29968734
29967445
29961852
29961807
29960142
29950300
29947775
29941659
29939348
29935421
29926099
29926078
29925546
29897124
29893838
29892602
29886720
29886003
29882082
29878044
29876899
29875125
29875094
29874185
29874180
29865062
29857937
29846613
29804699
29801689
29800124
29799605
29795306
29788239
29779052
29771313
29769355
29769070
29760501
29753585
29748306
29747220
29739994
29728394
29718904
29718335
29688875
29688528
29686387
29686024
29666151
29650766
29649275
29643338
29636978
29630776
29581483
29555990
29555672
29549348
29544020
29540730
29540232
29536507
29535274
29523632
29516088
29516079
29512081
29509885
29506594
29506267
29506141
29490979
29483184
29473154
29471399
29402980
29402374
29389382
29375034
29339098
29338727
29338102
29334416
29307294
29282328
29262606
29253155
29249824
29238819
29237687
29232479
29232439
29228164
29226067
29215398
29212772
29191953
29187594
29187356
29187354
29186515
29174438
29165714
29164242
29149250
29143981
29133521
29106476
29095367
29094161
29094155
29089580
29089348
29082115
29071499
29051501
29040868
29040600
29040597
29038561
29038157
29033373
29028924
29028521
29025108
29025040
29025033
29020392
28993680
28989980
28985495
28981501
28980266
28964830
28960498
28954281
28954280
28952387
28951389
28944551
28921935
28910285
28889241
28877919
28876462
28856502
28855160
28850703
28847883
28835472
28829991
28821713
28819171
28819125
28812575
28812574
28804972
28797893
28790103
28785901
28774656
28765276
28763444
28760659
28754456
28747331
28739818
28739817
28729448
28707790
28707786
28684612
28678979
28675761
28668249
28667182
28664250
28663202
28645627
28624884
28622301
28609829
28609445
28601624
28596306
28594918
28594127
28592419
28590373
28586461
28572633
28569269
28564679
28550647
28533558
28528403
28527048
28515069
28515044
28500271
28486474
28472508
28472354
28468080
28456421
28453778
28448539
28446633
28445597
28442717
28438747
28428355
28424468
28419997
28408323
28407875
28405635
28398548
28389615
28359378
28340513
28340119
28338987
28338968
28338774
28332592
28323940
28317167
28302601
28241208
28225053
28223712
28223325
28219152
28196238
28195141
28186534
28134330
28118352
28115737
28114746
28102331
28095459
28055004
28049019
28038378
28031317
28031309
28025330
28025256
28007909
27996050
27982478
27974350
27935526
27928975
27924921
27914500
27908689
27903934
27901035
27898682
27892412
27882376
27846416
27845333
27835897
27813215
27810892
27550749
27486138
27741566
27778410
27768686
27484822
27625185
27749700
27702834
27688308
27662595
27652346
27643404
27632197
27625044
27624874
27616674
27613883
27611071
27609746
27601421
27598322
27594614
27594613
27575649
27569682
27561768
27554823
27551723
27526363
27491534
27490808
27487993
27478388
27474097
27466193
27427429
27427428
27418593
27418254
27411906
27402723
27401727
27351631
27351487
27342221
27340266
27338949
27336604
27333884
27327646
27325033
27281095
27252388
27230539
27225428
27215616
27211558
27170764
27126524
27094995
27092657
27064641
27061578
27061505
27061298
27044414
27036929
27031476
27022283
26992435
26988593
26963823
26961927
26956984
26953161
26945778
26911737
26910273
26908625
26908422
26907540
26886630
26864717
26857858
26821629
26809778
26797681
26791863
26789780
26781229
26780009
26775119
26695521
26695146
26687910
26675774
26664883
26661904
26650880
26639554
26595101
26588908
26588883
26574572
26568383
26538566
26504195
26497973
26457630
26446360
26416512
26391483
26387087
26386125
26364564
26356841
26343871
26305103
26296642
26293118
26291580
26284790
26282889
26264275
26209090
26208850
26201704
26156736
26153479
26147588
26138067
26134033
26096712
26090640
26090639
26085675
26085674
26079503
26079416
26050256
26050253
26043746
26017687
26016847
26002927
25997436
25981321
25979724
25976416
25972569
25953784
25950993
25950910
25948669
25939054
25918230
25894797
25855712
25835137
25825043
25820350
25817168
25800063
25788527
25777141
25773750
25770315
25726324
25713335
25660081
25656382
25652575
25643110
25632051
25618792
25561046
25515070
25503943
25502344
25502105
25490400
25449812
25433705
25421980
25406188
25388149
25382280
25371403
25368098
25366166
25350643
25322353
25302496
25293386
25281353
25273172
25269698
25257975
25249548
25226301
25225167
25192829
25185943
25165093
25161014
25150977
25142441
25125581
25078492
25065375
25064373
25052622
25012420
25011450
24983943
24974252
24917639
24906368
24867305
24863158
24809401
24737458
24716453
24704946
24703048
24695040
24681576
24651622
24642734
24622370
24608958
24563418
24553426
24550193
24536095
24530603
24511630
24474739
24462370
24436475
24398642
24388127
24335383
24323394
24320691
24315920
24315918
24305512
24302542
24246360
24236616
24219894
24159078
24123702
24118451
24114802
24065783
24062299
24055748
24055740
24048376
23998998
23934314
23925429
23921993
23916927
23900446
23899227
23874492
23869090
23863760
23856949
23847157
23835345
23826141
23824655
23806636
23775818
23770937
23752680
23750121
23717930
23585329
23520272
23508417
23500241
23492672
23460889
23393431
23319826
23275344
23274890
23258625
23243119
23227234
23199790
23131671
23083789
23080538
23045203
23013243
22942651
22936689
22928522
22922093
22850794
22850793
22805420
22723994
22717643
22701574
22698489
22692312
22687325
22643885
22629401
22607825
22607824
22590516
22563304
22422451
22421340
22416852
22415699
22388766
22302076
22261689
22247045
22199995
22161218
22113353
22090275
22039354
21997388
21965185
21818261
21799821
21773002
21717115
21612002
21555716
21432888
21414999
21337362
21325005
21309863
21285406
21282362
21210875
21153618
21114754
21078622
21059738
21044991
21042034
20978399
20818971
20813862
26162196
20797493
20714329
20672230
20616999
20605840
20483834
20452504
20447925
20348110
20224045
20190244
20160203
20093553
20056955
20018037
28199503
19926323
19906786
19889709
19674341
19542184
19509388
19470880
19432981
19174578
19126586
19124505
19016587
18812324
18767201
18752343
18714375
18700811
18608114
18550552
18509868
18463132
18425592
18344186
18336066
18318597
18203119
18094955
18038153
17931442
17886233
17881410
17766918
17715159
17596267
17491244
17377152
16870676
16870675
16565153
16431263
16410347
16325697
16257343
16103445
16087688
15960467
15887296
15879400
15834982
15731495
15652605
15365117
15321841
15075143
15075142
15075141
15075140
15075139
15075137
14976273
14511923
12689998
38797633
38718448
38710707
38699308
38684708
38667744
38663994
38663973
38661109
38645251
38634600
38633804
38599669
38523292
38495498
38490691
38443061
38440407
38430340
38374065
38372406
38365503
38325120
38286567
38281920
38243829
38205890
38198221
38172901
38104003
38103514
38057395
38050140
38049874
38036035
38035758
38030643
38027166
37996941
37993283
37945700
37945330
37925459
37890986
37814277
37784116
37778719
37770476
37754354
37650083
37608097
37595989
37582920
37553252
37540242
37537942
37518004
37490188
37466641
37410157
37400433
37380357
37329328
37308750
37300932
37280435
37239390
37235137
37225534
37188674
37161092
37122688
37069442
37066117
37013617
37002989
36995652
36972688
36959830
36937092
36918989
36889989
36876622
36810371
36808568
36798216
36759570
36732044
36729470
36682937
38550935
36595202
36550182
36501061
36447755
36411281
36366796
36313186
36297114
36292730
36242008
36241375
36221008
36194249
36175368
36149836
36087049
35963264
35961436
35945198
35916366
35900371
35771237
35701152
35699695
35685390
35681200
35606077
35583096
35532785
35472599
35459240
35444173
35395614
35387809
35368045
35354486
35334809
35219087
35136728
35132694
35028426
35129650
35123856
35079123
35052462
35049464
35042540
34939143
34919182
34911594
34907193
34857772
34791743
34702579
34671129
34641870
34636470
34543281
34542646
34521746
34514530
34505161
34505025
34482360
34413458
34402426
34304048
34293202
34290856
36277323
34154662
34145844
34135474
34130515
34119855
34051085
33979322
33966809
33887531
33870794
33842983
33837300
33821771
33797418
33794208
33773637
33772150
33766948
33750426
33740410
33663556
33608305
33569631
33538965
33528719
33495845
33483511
33469137
33437953
33409590
33354910
33338765
33252839
33243845
33235315
33230496
33189065
33115937
33032586
33023701
32998784
32873833
32724101
32705315
32687429
32526542
32486379
32439935
32409590
32346919
32328990
32324598
32290872
32276208
32244496
32228717
32216834
32171108
32121467
32109421
32103259
32066663
31974732
31806265
31729238
31719529
31713012
31701892
31664920
31619474
31584380
31494743
31448741
31446444
31359084
31320639
31309263
33323262
31236981
31226389
31194737
31160124
31127314
31127051
30955975
30936389
30833571
30810766
30733581
30704255
30696823
30604766
30583798
30531941
30498225
30467309
30355295
30327825
30325021
30271922
29954452
29938349
29782485
29779155
29626220
29572449
29531326
29250870
29149188
33525805
28978616
28919064
28809859
28691305
28669352
28647682
28638596
28556459
28303212
28233563
28184960
27902751
27788146
27494321
27435863
26865583
26827112
26821299
26671949
26644136
26621069
26429807
26409460
26283408
26250741
26228839
26228113
26079685
25915148
25835038
25634511
25523002
25474695
25217178
25031191
24663808
24590770
24007416
24000376
23977022
25191575
22963884
22879865
22538361
22526608
22429606
21903251
21216802
21153609
19892791
19662379
18385179
17961275
17712545
16243094
14656017
38800978
38800635
38800490
38800486
38800482
38800471
38800249
38800064
38800057
38799148
38798882
38798566
38798395
38797991
38797322
38796780
38796576
38795606
38795402
38795165
38795139
38794983
38790460
38789568
38789058
38788040
38785970
38784722
38782943
38779730
38778174
38777602
38776079
38775562
38773065
38771893
38769320
38768827
38764807
38763772
38761781
38760657
38757788
38754433
38754426
38753886
38753827
38751703
38750912
38747444
38747402
38746977
38745949
38745758
38744810
38742190
38742127
38740751
38739172
38737752
38733826
38733447
38729190
38728837
38728465
38724566
38723457
38722591
38721342
38720308
38716190
38715346
38714778
38714139
38713803
38713594
38711861
38711061
38710118
38709755
38709145
38708597
38707928
38707474
38706793
38705643
38705552
38703912
38703763
38703603
38703417
38703276
38702554
38701355
38701081
38699446
38699368
38697652
38697224
38694223
38687828
38685121
38685026
38684796
38682223
38681071
38670238
38670112
38665119
38664746
38662591
38660909
38660662
38659038
38658550
38658320
38657774
38657291
38656892
38656449
38654358
38652661
38651155
38649911
38649715
38648753
38644883
38643426
38643110
38640796
38640244
38637810
38636619
38636571
38636099
38633449
38633255
38632662
38626730
38626723
38626182
38623619
38623210
38622751
38622589
38619429
38619404
38616254
38609570
38609020
38608764
38608476
38607916
38607442
38606271
38605947
38601581
38601260
38601154
38599307
38599098
38598976
38596080
38594691
38594418
38591545
38591222
38590521
38589550
38587385
38587201
38587181
38585769
38582734
38582059
38581614
38581598
38580943
38580809
38579965
38578439
38576865
38573391
38572663
38571916
38571307
38570751
38570581
38568343
38566993
38566986
38565336
38563283
38562880
38561482
38561342
38556335
38555549
38555389
38550599
38545784
38538647
38538601
38536958
38536446
38536078
38533250
38533040
38532947
38532495
38529400
38529389
38529201
38527428
38527142
38527140
38523778
38521921
38521789
38520680
38518856
38511149
38509585
38507016
38506902
38505750
38505341
38504681
38504237
38503751
38499958
38499889
38496259
38495593
38494780
38494474
38491524
38489737
38489734
38489174
38487847
38485779
38482593
38482004
38479931
38477772
38476943
38475831
38472333
38469291
38466289
38465593
38465262
38464521
38464150
38461358
38461353
38460905
38460315
38459548
38459230
38458076
38457145
38456429
38455043
38454550
38454125
38448802
38448586
38446275
38446204
38445514
38445023
38444947
38442714
38441543
38441024
38439017
38438351
38434685
38433839
38433131
38431573
38430744
38426435
38425786
38420755
38419113
38415744
38415056
38414734
38413574
38412787
38409767
38409652
38407846
38404590
38404289
38403000
38402475
38400881
38397416
38395927
38394529
38394493
38394483
38394117
38390599
38390334
38390206
38388528
38387379
38385040
38384268
38384258
38383672
38382463
38380524
38376049
38375484
38375439
38375360
38368359
38367620
38365930
38365752
38365642
38364394
38362853
38362281
38361503
38360457
38356721
38356679
38356548
38355787
38354117
38352709
38350757
38348734
38347176
38346204
38343822
38341813
38341339
38336841
38335780
38332917
38332890
38332312
38332239
38330144
38327885
38327747
38325400
38322545
38322256
38321551
38320993
38320991
38320159
38320121
38318914
38317984
38317903
38317496
38317018
38316937
38311371
38310303
38308812
38308753
38308666
38304805
38304232
38303904
38303102
38302401
38302190
38301285
38300233
38298829
38298525
38297123
38296956
38296402
38294056
38293137
38291185
38291025
38290287
38289866
38288984
38288469
38287401
38284272
38282152
38279645
38279041
38278329
38276967
38275377
38274820
38274228
38273299
38272880
38270363
38269337
38264669
38264288
38263313
38263182
38263072
38261009
38260910
38260284
38259344
38252372
38250574
38250258
38249972
38249960
38243265
38243142
38241845
38241044
38240717
38239989
38239508
38238335
38238290
38238005
38237871
38235315
38234424
38233012
38231050
38226234
38225249
38217725
38214249
38213486
38212362
38211585
38207129
38201909
38200577
38199582
38199144
38196633
38196601
38195602
38191694
38191059
38191017
38189968
38187059
38185989
38182882
38181731
38175645
38173433
38170539
38170504
38170213
38168324
38168321
38166458
38165527
38165352
38165331
38162651
38160790
38160582
38159276
38157987
38154582
38154516
38152968
38149258
38147315
38146362
38143258
38141910
38141141
38137055
38134301
38132868
38130638
38126226
38123704
38123074
38117700
38117513
38116117
38112636
38111568
38104813
38103737
38103512
38102541
38102153
38102060
38100958
38099291
38097908
38095120
38094575
38093001
38092624
38089766
38089083
38084713
38082224
38082205
38079405
38076879
38075967
38075695
38072919
38066511
38066446
38062574
38061333
38056704
38055934
38054501
38052855
38051644
38050341
38049831
38047655
38047393
38045769
38045030
38040544
38039160
38036550
38029998
38029854
38027201
38027182
38027156
38025780
38022695
38020157
38018135
38017291
38016951
38014089
38011552
38010695
38008752
37996473
37993489
37988199
37986771
37982563
37981427
37978512
37978012
37976300
37975894
37971636
37971626
37968290
37967797
37967346
37967046
37964430
37964359
37964352
37964277
37963865
37961706
37958866
37957681
37957254
37957025
37952884
37951941
37951457
37951389
37950632
37949959
37947095
37940228
37939919
37938594
37935988
37935012
37926850
37922594
37924108
37923935
37923804
37922090
37922010
37920183
37919896
37919796
37919716
37914703
37910111
37909040
37908181
37905151
37905000
37902879
37900179
37899063
37898918
37898443
37894396
37889542
37889180
37886468
37886448
37884826
37878141
37875944
37875790
37875357
37874242
37873425
37872557
37871182
37867527
37867515
37865667
37845353
37844115
37841839
37840638
37833897
37833753
37822793
37821646
37817071
37816846
37816758
37815754
37815646
37811331
37808975
37808821
37808641
37808547
37804200
37803323
37803080
37800817
37800454
37800104
37799865
37799268
37798380
37798367
37795212
37794074
37793095
37790512
37790435
37790319
37789011
37788909
37787550
37787451
37784177
37783402
37779362
37777856
37777789
37775746
37773930
37767101
37759214
37758437
37758436
37754271
37752728
37750061
37746023
37745724
37745316
37745050
37740498
37738404
37738114
37734548
37734146
37732818
37732240
37732088
37731506
37730558
37728925
37728694
37726845
37724714
37721487
37721161
37719875
37717118
37715107
37712257
37707956
37706311
37705021
37704630
37703998
37696986
37695759
37693759
37693474
37691921
37689698
37686334
37679821
37679419
37678759
37676424
37667459
37664015
37662942
37659350
37658368
37657625
37650693
37647652
37646132
37645746
37644603
37640912
37640577
37639066
37636041
37632608
37627062
37626025
37615194
37607129
37603265
37602368
37598461
37589153
37588130
37586921
37586323
37582372
37582364
37582060
37579307
37579195
37577704
37567983
37564907
37564071
37563770
37563310
37562520
37560908
37558884
37558590
37556814
37552871
37550788
37550624
37550455
37546848
37546828
37542426
37538923
37535878
37534731
37533435
37532724
37531260
37528491
37523800
37522172
37515404
37512533
37511084
37505349
37503344
37503266
37498324
37497279
37496418
37495887
37495337
37494011
37489815
37489536
37486023
37483619
37479793
37475969
37474577
37470492
37467357
37467317
37463429
37461309
37460956
37456853
37454083
37448910
37438877
37437107
37435056
37433859
37433298
37432331
37431986
37426090
37425786
37424726
37422510
37416324
37415973
37415601
37414396
37407978
37404742
37399599
37398645
37398494
37398493
37398472
37398343
37392542
37390107
37387260
37386247
37380766
37379106
37376848
37375691
37358553
37357209
37351287
37348500
37345823
37341850
37341803
37340751
37334291
37333337
37333190
37333177
37331483
37325708
37322115
37319439
37314756
37311867
37306871
37302664
37301713
37297908
37292618
37290969
37288294
37286573
37286376
37286250
37282373
37275906
37274792
37274753
37264390
37262162
37261630
37257353
37243875
37237371
37234551
37232175
37231681
37226269
37224770
37220873
37218628
37218594
37217680
37216451
37212302
37211702
37205362
37204309
37202504
37198478
37197658
37195665
37189779
37189612
37188918
37184658
37183080
37178830
37170112
37168552
37165455
37165232
37165155
37165060
37164973
37163440
37162822
37153321
37153103
37150315
37148705
37148456
37148340
37146462
37144461
37143736
37143087
37138053
37131961
37131588
37128921
37127916
37126556
37126315
37124618
37117777
37116672
37106081
37102212
37101305
37101109
37100890
37099198
37095539
37091584
37090611
37086649
37085903
37084357
37083525
37080216
37076872
37076473
37076045
37074710
37069411
37069360
37060872
37048545
37046084
37038320
37038246
37035310
37034773
37034737
37034659
37034613
37033223
37029179
37024536
37023531
37023267
37022971
37022471
37019979
37017090
37014457
37014015
37013190
37010028
37008308
37006939
37004891
37002254
37000968
36996817
36993472
36988840
36974753
36974157
36973646
36965636
36959736
36951353
36950916
36950332
36945560
36938850
36938749
36938434
36934447
36933281
36928782
36928559
36927883
36926335
36913135
36912374
36911418
36909642
36909638
36909331
36907247
36906694
36893965
36891970
36891905
36890190
36889925
36889626
36889308
36876478
36871617
36870520
36870110
36870011
36869809
36869765
36867866
36867865
36867130
36865550
36865155
36864090
36863088
36860279
36858834
36856662
36849086
36846987
36845132
36839186
36837846
36824893
36824751
36824040
36823318
36819922
36819664
36813468
36811473
36807329
36805283
36803811
36802703
36800955
36800181
36797296
36793728
36793274
36792666
36792583
36791225
36790552
36790009
36788305
36786830
36786746
36786131
36781224
36778260
36778001
36776247
36774388
36773079
36773064
36771436
36769847
36768264
36765104
36764983
36764567
36759259
36757187
36755143
36753304
36747639
36747475
36746760
36740554
36739654
36738649
36736292
36734534
36733309
36725846
36722448
36719767
36719063
36717884
36716967
36715302
36713955
36713291
36711663
36707530
36706759
36704044
36703226
36702572
36694207
36689071
36687732
36680730
36680554
36672957
36670424
36670186
36662581
36662418
36660475
36658437
36654943
36653534
36652379
36652249
36650225
36638096
36637422
36635386
36635366
36635277
36633787
36633020
36631562
36630989
36614910
36613613
36610547
36608683
36604111
36601105
36595107
36591268
36589832
36585167
36583002
36581621
36580481
36579647
36576504
36571271
36570136
36568068
36566903
36561528
36544908
36530175
36529415
36520639
36520248
36505257
36504281
36502284
36499290
36482464
36481453
36478330
36477627
36470480
36465637
36464996
36464995
36459457
36455308
36452961
36450978
36445456
36443384
36442832
36440396
36438602
36424512
36421875
36419497
36418179
36415660
36409989
36408635
36389740
36388797
36388204
36386930
36386312
36384228
36383291
36380121
36378920
36377113
36376304
36376295
36371219
36370000
36369178
36361756
36352180
36350453
36344291
36341399
36339427
36336607
36331682
36330075
36329495
36324656
36323703
36322200
36321943
36319771
36316288
36303606
36302817
36301540
36297091
36294335
36294301
36292776
36282127
36263677
36261456
36256488
36253440
36253437
36248893
36246900
36244797
36243988
36242743
36235643
36229773
36226494
36226392
36223763
36219204
36216932
36215434
36215071
36213277
36212746
36206691
36204584
36204315
36201175
36194491
36192722
36192171
36191637
36187959
36182936
36180952
36174398
36172928
36158533
36155055
36154123
36145186
36143914
36140704
36137488
36134690
36130842
36127482
36124769
36118886
36118877
36115168
36111689
36108076
36105105
36102130
36099924
36097025
36090352
36086915
36085329
36085169
36077729
36075890
36072060
36071172
36069947
36069022
36055779
36055212
36051868
36048866
36047410
36046944
36046424
36042491
36039015
36037742
36034645
36030699
36029471
36029131
36018815
36017880
36017698
36014876
36014788
36012684
36004668
35995050
35994864
35989212
35986173
35984822
35980022
35978102
35974138
35969390
35969388
35967324
35965384
35963628
35958262
35955998
35953856
35948913
35947758
35946401
35946227
35943854
35942815
35937890
35931735
35923315
35922433
35918656
35914620
35912095
35908195
35908176
35908000
35906571
35904204
35903461
35893225
35889893
35885821
35880552
35879730
35865545
35863541
35862202
35861116
35861070
35859596
35852134
35850912
35846274
35840796
35835912
35832381
35831517
35822202
35813330
35812739
35812248
35810980
35810454
35803233
35799595
35795146
35795061
37990728
35779245
35764056
35763044
35750798
35735024
35735005
35733147
35730641
35726534
35717949
35717853
35716318
35715439
35715361
35714152
35710628
35706446
35699189
35697682
35695619
35695616
35694671
35692403
35690124
35690068
35687413
35684074
35675800
35670608
35664994
35658861
35656995
35656316
35655140
35654906
35653391
35653334
35652886
35645965
35637384
35622233
35621206
35613103
35612836
35604899
35602207
35600353
35599089
35598204
35593028
35583917
35583678
35580794
35577104
35576237
35571188
35570945
35568907
35568861
35568032
35565924
35551603
35551264
35549796
35547845
35547251
35546478
35545758
35545292
35544531
35536696
35536160
35534559
35533209
35530326
35527273
35513834
35512976
35511193
35509074
35508625
35507366
35504910
35503620
35500427
35494056
35493725
35492879
35481978
35475137
35472175
35472084
35471642
35469422
35461346
35461270
35450576
35449297
35449099
35448546
35441521
35441136
35435981
35430872
35425820
35421261
35401153
35399945
35399757
35394406
35391504
35390725
35389779
35387486
35386719
35384380
35381295
35380020
35373871
35371596
35370621
35368685
35363857
35363426
35360873
35356425
35352111
35349660
35345945
35340212
35339005
35338911
35337320
35334875
35333364
35328582
35326259
35318774
35312764
35297226
35296807
35276999
35276992
35274129
35272707
35262092
35255492
35254179
35253861
35252377
35250867
35245402
35230853
35223943
35220425
35218958
35213696
35212359
35203577
35200038
35198006
35194621
35185792
35178771
35177612
35177243
35174175
35169211
35166671
35151363
35144605
35136970
35130031
35129737
35128049
35126453
35121771
35115689
35115602
35101633
35097025
35090585
35087849
35085229
35082829
35077020
35068290
35063437
35058547
35057575
35052806
35052354
35050305
35047847
35046568
35031440
35030986
35027466
35027007
35023831
35023758
35022422
35014025
35013273
35013163
36939802
35005200
34999873
34991897
34989438
34987231
34980867
34974068
34971414
34968759
34958023
34955704
34954601
34950598
34945719
34944836
34942230
34938115
34935937
34935629
34928346
34926542
34921301
34903347
34902008
34899610
34895209
34880666
34878845
34873335
34859065
34857913
34856028
34852378
34850013
34849601
34847238
34844025
34837057
34828297
34823502
34821019
34815552
34802557
34801968
34801564
34791244
34789503
34784738
34780866
34780722
34761251
34760935
34758886
34755518
34746045
34745143
34743558
34741802
34739325
34732167
34732054
34728470
34721534
34711921
34709661
34709397
34708205
34706427
34705035
34703991
34699229
34695574
34691139
34688387
34677406
34675961
34675202
34673651
34673637
34672391
34670603
34669929
34668925
34659337
34649961
34644541
34637926
34635557
34630533
34629429
34629083
34628600
34628468
34613391
34611950
34611531
34608882
34608450
34607723
34603368
34590679
34590674
34587750
34566951
34564762
34561436
34561431
34561430
34557504
34554350
34553760
34552769
34548093
34539640
34539572
34538509
36324647
34532359
34531623
34523675
34522877
34512737
34512726
34507265
34506050
34495953
34484296
34477880
34472211
34469753
34463854
34462574
34459406
34459398
34450317
34449869
34447459
34445060
34444650
34440638
34431594
34425228
34422928
34422023
34418268
34415029
34409637
34403030
34399583
34394198
34381170
34356044
36325159
34341450
36304021
34333030
34330042
34325834
34325833
34324065
34321152
34314985
34308962
34304350
34302145
34294723
34293213
34290290
34282949
34279034
34277990
34272859
34268601
34265412
34261659
34260948
34259831
34255042
34254976
34250692
34247202
34245689
34244239
34244212
34239545
34239329
34239129
34237774
34237421
34237330
34237186
34235737
34235598
34226496
34225716
34214161
34210680
34207686
34207236
34207127
34199930
34196811
34191267
34189540
34187478
34184541
34182846
34171091
34159505
34157017
34149809
34148150
34139859
34139333
34132789
34127963
34124244
34117867
34117260
34114882
34112112
34111113
34104963
34103976
34103634
34102077
34100082
34099068
34097448
34091768
34091767
34057996
34053745
34052096
34050728
34037671
34032881
34026577
34024779
34021155
34019644
34016094
36282123
34015661
34002374
33998598
33995486
33980691
33974305
33973063
33972514
33972266
33964140
33961016
33958973
33958779
33958158
33950550
33946944
33942079
33936159
33933263
37118015
33910581
33909035
33905376
33901276
33895829
33895062
33889958
33883000
33878190
33872308
33870931
33863751
33847313
33846625
33838035
33829264
33818545
33816719
33809311
33790654
33790604
33788024
33786690
33778213
33770169
33768244
33762635
33762433
33758158
33753353
33752734
33750369
33748722
33741767
33737296
33729499
33719498
33718584
33714028
33711095
33707768
33704350
33693920
33693744
33691789
33688662
33686698
33682937
33679896
33679878
33678312
33675447
33667465
33657282
33654266
33646179
33640581
33640203
33635908
33633408
33627659
33627253
33625251
33621788
33619371
33619316
33616910
33604698
33599689
33594380
33591358
33584789
33583033
33582975
33580673
33569077
33568662
33567901
33563987
33563147
33548839
33544228
33541708
33537217
33527442
33523907
33523009
33518187
33516273
33510477
33510174
33502483
33498870
33495597
33495596
33491305
33487505
33481422
33481017
33481009
33462485
33462484
33462482
33454989
33445938
33441555
33440997
33437986
33434288
33417599
33411684
33406918
33399003
33392210
33390040
33386149
33385400
33372528
33356366
33347560
33345186
33333105
33331911
33310204
33307546
33296380
33293549
33290405
33287642
33276944
33276378
33270354
33263724
33262986
33244849
33239979
33239672
33230300
33229929
33229928
33221865
33219353
33213728
33213513
33209044
33186867
33179380
33178578
33173933
33173903
33168953
33165574
33164750
33163281
33162933
33158931
33152005
33151126
33145299
33144501
33137120
33134515
33134510
33134291
33128006
33127858
33125266
33116908
33115534
33100131
33099541
33087039
33079601
33067605
33067055
33061865
33037222
33032658
33031748
33031470
33028263
33025652
33017050
33011735
33009961
33008395
33006619
32999534
32998548
32997995
32996171
32989645
32981348
32981134
32972031
32971307
32970283
32970095
32969717
32964675
32959083
32954071
32951050
32943239
32931092
32928870
32928285
32927496
32925908
32924175
32918767
32917208
32909657
32902142
32901113
32901066
32898681
32890573
32886111
32873964
32839619
32833022
32828236
32827035
32819363
32818625
32816877
32814899
32801009
32795589
32791513
32790701
32781905
32779269
32774344
32772049
32769997
32767281
32762793
32740755
32728162
32716492
32712226
32710482
32709872
32700572
32697766
32693092
32692755
32691494
32690432
32684367
32679274
32677943
32649856
32646967
32645137
32634714
32632093
32631406
32623925
32621749
32612641
32611631
32601912
32600451
32600345
32599322
32595438
32593521
32585310
32580138
32572223
32571398
32562015
32540606
32536600
32533189
32528159
32525976
32525743
32519066
32507850
32496685
32494924
32492095
32487875
32484228
32462081
32470106
32467615
32467347
32464190
32460577
32451810
32451486
32448433
32441415
32439819
32437307
32429084
32413284
32406924
32400092
32388958
32385057
32375401
32372689
32365090
32352834
32350167
32345654
32336721
32336532
32335969
32332433
32327106
32307929
32306029
32300774
32277781
32271924
32269995
32258364
32251405
32249730
32249726
32244255
32242144
32239398
32228177
32220223
32210231
32196748
32193382
32186652
32184385
32183681
32180061
32179896
32179874
32178836
32172380
32168362
32165250
32152294
32127339
32118043
32099678
32090785
32073428
32068819
32060260
32044136
31993631
31981976
31978671
31972315
31970540
31968102
31956848
31948646
31948645
31919502
31915940
31915053
31911640
31910432
31907388
31904872
31901187
31892604
31882564
31876630
31865967
31865966
31856714
31852892
31841498
31835041
31833150
31821608
31818437
31810066
31802129
31785374
31766499
31756444
31755939
31754239
31747862
31746962
31745073
31448343
31723243
31722374
31722299
31718940
31711059
31708967
31708716
31703460
31702469
31698308
31694394
31688091
31671092
31669095
31668939
31668705
31665138
31660654
31654503
31650181
31648710
31648709
31647808
31640504
31624844
31622379
31609059
31603979
31593602
31589177
31558144
31549173
31543191
31541730
31537805
31525475
31519560
31518406
31514950
31506836
31501611
31500825
31499095
31495601
31488809
31488267
31487195
31476962
31471378
31469975
31449975
31436061
31433740
31424985
31422675
31420334
31409800
31408958
31402402
31399431
31392400
31382822
31367887
31361627
31358312
31351524
31348498
31325087
31321514
31319515
31306056
31282290
31280888
31280836
31262328
31257439
31254481
31249589
31247347
31238828
31235808
31235487
31234639
31230636
31227920
31227914
31222129
31206546
31206009
31203284
31194243
31190057
31178821
31172459
31170283
31169883
31156544
31156167
31148376
31133542
31123700
31115797
31113992
31113383
31086352
31076557
31070104
31061262
31055734
31043758
31040137
31037345
30998689
30989176
30965038
30948957
30946457
30940143
30936141
30929657
30886334
30883766
30881959
30877272
30874287
30866659
30863791
30859385
30858617
30846698
30835202
30832291
33834080
30814568
30804565
30796745
30794634
30779925
30778224
30772781
30771558
30761923
30742529
30740125
30729677
30723964
30721133
30715214
30714519
30704580
30702996
30702347
30700025
30694319
30675927
30646822
30642921
30638414
30624993
30617256
30610198
30586737
30586705
30586346
30571402
30571169
30566500
30566020
30553862
30524137
30538194
30521049
30519816
30499135
30483262
30453617
30452727
30423482
30423117
30413298
30411855
30401456
30394916
30391827
30388399
30383316
30374074
30365022
30355187
30355092
30354344
30354202
30352818
30333754
30328514
30325019
30321485
30321335
30316974
30316967
30311632
30305369
30305239
30286918
30275877
30267841
30265166
30255779
30248900
30243924
30220432
30215726
30203894
30202916
30202913
30169657
30155912
30153257
30150663
30149453
30148040
30146008
30137430
30124842
30121470
30111768
30111358
30100365
30092957
30082726
30068414
30067744
30045777
30032218
30015301
30012325
30012324
29994805
29970888
29953581
29942086
29942085
29936532
29930944
29921915
29891878
29876897
29875488
29848265
29846171
29808603
29800128
29790669
29775600
29769528
29769526
29763751
29748315
29740155
29740026
29731020
29731018
29721747
29709202
29691431
29686100
29685649
29682839
29671960
29652757
29618599
29609749
31149264
29603714
29593013
29558518
29547942
29545162
29537719
29523638
29520541
29517982
29512936
29511113
29511049
29505811
29497863
29496260
29483347
29432934
29409336
29408531
29398597
29397253
29390354
29374756
29374233
29369529
29353277
29335400
29325096
29325019
29318605
29315215
29313844
29295838
30854469
29288491
29280273
29243029
29237684
29218884
29198723
29197507
29194462
29188294
29178946
29171014
29169069
29157668
29124703
29122815
29106532
29106475
29103089
29102475
29092750
30820326
29068475
29046734
29046328
29020353
28974473
28971985
28968813
28957862
28947836
28931804
28922377
28891071
28866807
28846118
28834162
28820869
28797570
28795686
28793181
28779468
28761095
28748955
28744461
28742912
28711986
28701353
28656970
28645180
28639078
28635950
28627485
28620351
28619196
28619195
28575313
28552732
28552197
28550093
28540979
28534127
28528868
28504983
28493302
28490510
28483601
28444290
28436984
28418400
28407101
28390290
28379526
28378816
28373160
28369752
28369345
28369208
28365559
28356466
28336558
28334273
28329241
28298470
28250574
28250266
28238338
28232019
28228143
28223688
28212870
28210975
28202477
28196256
28157721
28151921
28128058
28109622
28108528
28103608
28082259
28078998
28073952
28073764
28066631
28063740
28039282
28007143
28007140
27995393
27933671
27909909
27863359
27863252
27856775
27815829
27808046
27677946
27687604
27609367
27667313
27653451
27616482
27613744
27602404
27591263
27591262
27591082
27527517
27506385
27487401
27480393
27472409
27464961
27460712
27457926
27448675
27439390
27401687
27350042
27346583
27339448
27321645
27313824
27285293
27259814
27252648
27215954
27205885
27199385
27196483
27193331
27187575
27184174
27151400
27150190
27111120
27089180
27074913
27061411
27031277
27031272
27027469
27005778
26978208
26974313
26965542
26959703
26955885
26946290
26925173
26923400
26908109
26896185
26893005
26892958
26892957
26891449
26861784
26849558
26835600
26825471
26821630
26817832
26775630
26768480
28286704
26710823
26692013
26685327
26668119
26656145
26646793
26625855
26614692
26608880
26607700
26538546
26502713
26486181
26477595
26458376
26442667
26420861
26416764
26414801
26414677
26408227
26349437
26338298
26321888
26307587
26276317
26269782
26224810
26220701
26212265
26159428
26152323
26095694
26092373
26086077
26075246
26057752
26054357
26050255
26002254
25948681
25939302
25938632
25930707
25898920
25882064
25784666
25762803
25717072
25712996
25692223
25677516
25624368
25613090
25611809
25593280
25568296
25502724
25501952
25453988
25451949
25431500
25431318
25411050
25393617
25344734
25340480
25325059
25315715
25301104
25255477
25231923
25200284
25185132
25166881
25078778
25075865
25043606
25006444
24986918
24956004
24902973
24890632
24864079
24805955
24799767
24779654
24762112
24760552
24746542
24742479
24722171
24704256
24691635
24678845
24652602
24591335
24535549
24535232
24521169
24490113
24374742
24337661
24236451
24219834
24174878
24161338
24127938
24114484
24089516
24063968
24060958
24055840
24018899
23996346
23938170
23932761
23926208
23922956
23907349
23888190
23881658
23876493
23864233
23807871
23801724
23794556
23781332
23753274
23733419
23664276
23591671
23567371
23505139
23441100
23397981
23357133
23318230
25673883
23265341
23248205
23220916
23161442
23136583
23121642
23111417
23045999
23007319
22999193
22998429
22958333
22937140
22898069
22829448
22821396
22749515
22690666
22648266
22565837
22516069
22499727
22492992
22492374
22403302
22374818
22363213
22327610
22296194
22189840
22123669
22043165
22035340
22013171
21979869
21875899
21853159
21654390
21562085
21437028
21432881
21358543
21357213
21350198
21248310
21080913
21036910
20980488
20935172
25419226
20613716
20567905
20386760
20222819
20216460
20211435
20209660
20176270
20167918
20161734
20106478
20031641
20024640
19933169
19844753
19708980
19695857
19687126
19657112
19651761
19623058
19584180
19567438
19536658
19336475
19329528
19287041
19156175
19118028
18990452
18949717
18714381
18700815
18580170
18394581
18226080
18076282
17878255
17502286
17301041
17198927
17026631
17013779
16782969
16472047
15879687
15654223
